0.010  0.000  1.896
0.020  0.000  2.340
0.030  0.000  2.891
0.040  0.000  3.312
0.050  0.000  3.729
0.060  0.000  4.101
0.070  0.000  4.595
0.080  0.000  5.004
0.090  0.000  5.481
0.100  0.000  5.939
0.110  0.000  6.376
0.120  0.000  6.894
0.130  0.000  7.491
0.140  0.000  8.060
0.150  0.000  8.596
0.160  0.000  9.255
0.170  0.000  9.851
0.180  0.000  10.487
0.190  0.000  11.336
0.200  0.000  12.102
0.210  0.000  13.144
0.220  0.000  13.904
0.230  0.000  14.889
0.240  0.000  15.956
0.250  0.000  17.078
0.260  0.000  18.669
0.270  0.000  19.941
0.280  0.000  21.223
0.290  0.000  23.105
0.300  0.000  24.751
0.310  0.000  26.720
0.320  0.000  28.833
0.330  0.000  31.025
0.340  0.000  34.199
0.350  0.000  37.265
0.360  0.000  41.021
0.370  0.000  44.529
0.380  0.000  49.197
0.390  0.000  53.583
0.400  0.000  59.966
0.410  0.000  65.557
0.420  0.000  74.066
0.430  0.000  82.636
0.440  0.000  91.802
0.450  0.000  105.906
0.460  0.000  121.208
0.470  0.000  137.160
0.480  0.000  163.254
0.490  0.000  191.812
0.500  0.000  227.424
0.510  0.000  268.667
0.520  0.000  328.648
0.530  0.000  416.617
0.540  0.000  536.953
0.550  0.006  688.590
0.560  0.024  929.653
0.570  0.101  1303.938
0.580  0.221  1816.043
0.590  0.458  2502.442
0.600  0.657  3303.006
0.610  0.871  4192.970
0.620  0.958  4867.892
0.630  0.987  5370.628
0.640  0.999  5713.151
0.650  1.000  5985.691
0.660  1.000  6199.750
0.670  1.000  6377.931
0.680  1.000  6543.063
0.690  1.000  6689.822
0.700  1.000  6832.132
0.710  1.000  6963.030
0.720  1.000  7082.486
0.730  1.000  7208.559
0.740  1.000  7326.320
0.750  1.000  7436.149
0.760  1.000  7547.895
0.770  1.000  7657.752
0.780  1.000  7763.786
0.790  1.000  7872.844
0.800  1.000  7975.185
0.810  1.000  8081.080
0.820  1.000  8185.619
0.830  1.000  8290.222
0.840  1.000  8390.346
0.850  1.000  8493.062
0.860  1.000  8594.676
0.870  1.000  8695.644
0.880  1.000  8797.806
0.890  1.000  8899.310
0.900  1.000  8998.801
0.910  1.000  9099.122
0.920  1.000  9199.238
0.930  1.000  9298.352
0.940  1.000  9400.697
0.950  1.000  9498.680
0.960  1.000  9600.466
0.970  1.000  9700.039
0.980  1.000  9800.257
0.990  1.000  9899.829
1.000  1.000  10000.000
