0.010  0.000  1.377
0.020  0.000  1.951
0.030  0.000  2.330
0.040  0.000  2.649
0.050  0.000  2.969
0.060  0.000  3.352
0.070  0.000  3.699
0.080  0.000  4.043
0.090  0.000  4.386
0.100  0.000  4.719
0.110  0.000  5.126
0.120  0.000  5.497
0.130  0.000  5.981
0.140  0.000  6.384
0.150  0.000  6.858
0.160  0.000  7.264
0.170  0.000  7.785
0.180  0.000  8.344
0.190  0.000  8.903
0.200  0.000  9.472
0.210  0.000  10.120
0.220  0.000  10.995
0.230  0.000  11.674
0.240  0.000  12.600
0.250  0.000  13.243
0.260  0.000  14.578
0.270  0.000  15.320
0.280  0.000  16.256
0.290  0.000  17.775
0.300  0.000  18.759
0.310  0.000  20.358
0.320  0.000  21.826
0.330  0.000  23.558
0.340  0.000  25.350
0.350  0.000  27.427
0.360  0.000  30.203
0.370  0.000  32.692
0.380  0.000  35.670
0.390  0.000  39.567
0.400  0.000  42.672
0.410  0.000  46.394
0.420  0.000  52.104
0.430  0.000  56.255
0.440  0.000  63.835
0.450  0.000  72.567
0.460  0.000  79.788
0.470  0.000  91.774
0.480  0.000  102.839
0.490  0.000  118.663
0.500  0.002  137.463
0.510  0.002  158.558
0.520  0.003  187.805
0.530  0.020  226.870
0.540  0.031  274.779
0.550  0.055  316.043
0.560  0.113  389.482
0.570  0.206  483.931
0.580  0.302  583.672
0.590  0.465  709.082
0.600  0.599  828.913
0.610  0.727  959.799
0.620  0.850  1117.835
0.630  0.918  1228.471
0.640  0.949  1338.450
0.650  0.990  1432.828
0.660  0.988  1494.204
0.670  0.997  1551.558
0.680  0.999  1611.158
0.690  1.000  1650.109
0.700  1.000  1691.123
0.710  1.000  1726.967
0.720  1.000  1763.139
0.730  1.000  1793.498
0.740  1.000  1825.743
0.750  1.000  1855.304
0.760  1.000  1883.272
0.770  1.000  1910.954
0.780  1.000  1938.019
0.790  1.000  1965.663
0.800  1.000  1991.957
0.810  1.000  2018.222
0.820  1.000  2045.836
0.830  1.000  2070.947
0.840  1.000  2097.148
0.850  1.000  2122.138
0.860  1.000  2148.568
0.870  1.000  2174.207
0.880  1.000  2199.264
0.890  1.000  2224.329
0.900  1.000  2249.916
0.910  1.000  2274.611
0.920  1.000  2299.303
0.930  1.000  2324.951
0.940  1.000  2350.076
0.950  1.000  2374.921
0.960  1.000  2400.504
0.970  1.000  2424.859
0.980  1.000  2450.019
0.990  1.000  2474.920
1.000  1.000  2500.000
