0.010  0.000  0.628
0.020  0.000  0.949
0.030  0.000  1.106
0.040  0.000  1.227
0.050  0.000  1.400
0.060  0.000  1.515
0.070  0.000  1.663
0.080  0.000  1.818
0.090  0.000  2.036
0.100  0.000  2.129
0.110  0.000  2.349
0.120  0.000  2.573
0.130  0.000  2.705
0.140  0.000  2.904
0.150  0.000  3.079
0.160  0.000  3.253
0.170  0.000  3.464
0.180  0.000  3.606
0.190  0.000  3.947
0.200  0.000  4.175
0.210  0.000  4.426
0.220  0.000  4.581
0.230  0.000  5.019
0.240  0.000  5.212
0.250  0.000  5.409
0.260  0.000  5.647
0.270  0.000  6.001
0.280  0.000  6.259
0.290  0.000  6.864
0.300  0.000  7.050
0.310  0.001  7.616
0.320  0.000  8.070
0.330  0.000  8.589
0.340  0.001  8.583
0.350  0.004  9.217
0.360  0.007  10.076
0.370  0.006  10.353
0.380  0.006  10.764
0.390  0.016  11.418
0.400  0.024  12.647
0.410  0.033  13.583
0.420  0.039  14.573
0.430  0.047  14.595
0.440  0.049  15.595
0.450  0.070  16.823
0.460  0.091  17.492
0.470  0.104  18.904
0.480  0.099  19.929
0.490  0.132  20.982
0.500  0.173  23.055
0.510  0.197  24.044
0.520  0.234  25.964
0.530  0.218  26.576
0.540  0.299  29.133
0.550  0.342  30.805
0.560  0.389  32.167
0.570  0.410  34.486
0.580  0.466  36.195
0.590  0.538  38.880
0.600  0.578  40.845
0.610  0.627  42.702
0.620  0.658  45.122
0.630  0.702  47.243
0.640  0.731  48.483
0.650  0.774  51.542
0.660  0.805  54.016
0.670  0.833  55.604
0.680  0.853  58.093
0.690  0.892  59.660
0.700  0.924  62.468
0.710  0.921  64.313
0.720  0.947  66.206
0.730  0.963  67.952
0.740  0.963  69.258
0.750  0.979  71.233
0.760  0.968  72.511
0.770  0.983  74.111
0.780  0.990  75.461
0.790  0.990  77.052
0.800  0.995  78.789
0.810  0.999  79.953
0.820  0.999  81.275
0.830  0.999  81.877
0.840  1.000  83.425
0.850  1.000  84.575
0.860  1.000  85.580
0.870  1.000  86.221
0.880  1.000  87.997
0.890  1.000  88.806
0.900  1.000  89.994
0.910  1.000  90.958
0.920  1.000  91.830
0.930  1.000  93.060
0.940  1.000  94.014
0.950  1.000  95.107
0.960  1.000  95.882
0.970  1.000  97.087
0.980  1.000  98.011
0.990  1.000  99.008
1.000  1.000  100.000
